6382
6257
3528
3504
6
6005
1651
1498
5821
1811
4575
2080
2874
1680
6123
1470
175
5881
653
1077
4544
6159
2415
914
2574
3775
21
5011
909
1453
6284
2613
5589
618
2239
3505
3431
4528
5924
156
1813
956
1243
3366
4786
4638
5785
164
3852
3339
5135
5584
1413
5414
2037
4796
6327
1027
1038
3282
4818
889
2779
1541
4423
3584
3829
621
1061
1652
6343
1857
4439
651
628
784
453
2402
4368
1762
4789
4915
959
1686
2176
4695
4591
2788
840
5091
706
590
3478
1245
4243
478
333
5975
4574
4966
3520
2298
4932
2026
6392
3370
2034
4800
3078
2150
2812
3743
2982
5662
4204
6107
842
4518
6078
2944
755
3915
1326
4276
1351
1118
2968
5598
6362
1866
5201
6169
2549
2979
3203
6148
5270
2340
5982
4583
5033
5104
1005
6212
2006
1812
4775
2545
1713
2337
3929
4973
502
6407
5261
2658
1471
5072
5933
1981
5739
1732
539
41
6009
4911
961
4266
4112
6341
822
3048
1764
4946
883
1814
6168
28
4604
4281
2257
1991
5508
403
3888
402
279
1330
298
5623
1251
2521
3984
576
5443
4745
3160
2997
1070
4650
4623
2601
2042
723
2278
5993
5388
2532
1458
6057
2154
4264
5314
3007
3789
4315
386
5313
1918
1639
7
4140
4035
2453
4511
2507
1593
3769
2270
5210
4921
4641
537
332
2395
2335
3273
3901
476
4593
3521
4590
3289
5503
2153
3576
778
3425
2422
4589
1170
3734
3801
2427
5757
4400
4132
5932
4724
1507
605
2172
1135
1126
5084
3453
102
482
1449
3742
4378
2455
2793
1375
5774
1000
1220
1456
1655
2909
906
3832
3918
2418
1056
4640
5048
4867
862
2019
2811
3003
3311
52
4824
4253
5417
1576
5086
2036
5856
545
2292
3678
2687
4181
3049
3656
4373
2980
2204
2991
1223
2200
2141
2256
137
5591
2594
1873
5633
3725
1911
4849
4572
843
1940
2305
5331
2974
5502
1549
1915
5854
2187
2411
5356
5413
871
2001
1776
445
5402
6183
2697
4312
3448
4651
3607
894
3732
4661
6377
1739
6369
6036
6385
2465
1463
3363
2559
1526
1556
3870
6288
5307
409
4344
1334
1956
5461
795
6413
2072
5610
6016
5971
2338
1646
3469
593
2902
1087
4492
330
3076
740
3765
1185
5915
506
603
4465
3115
469
2362
4007
4438
1745
6034
3043
5772
3329
540
6040
3024
3881
3946
1442
1844
3046
1543
5406
1902
2003
3941
3807
6083
2656
1858
4323
5510
2114
4442
3312
1972
3850
4605
2930
3031
2899
4756
950
1488
6216
1954
5826
1216
37
4705
4319
649
3595
3707
1755
4163
3210
5586
5992
5553
5449
207
503
176
5410
6308
2334
5239
6011
84
4138
1249
1767
3826
5172
349
1787
559
4427
331
1029
5348
5671
4580
1317
6415
3140
4669
3558
4309
6211
1598
5422
6387
4075
3191
5798
5653
5465
48
5868
5178
3202
3361
1939
1555
3664
225
3571
2208
1189
2258
5731
1422
3323
1369
1146
5183
4173
4042
3938
4255
769
5460
833
6376
1943
370
3373
5209
1112
5913
5850
1444
6187
3239
2604
5206
868
1878
3692
4267
4872
4608
111
2639
2787
2809
4206
4321
2841
3322
5967
4174
4658
3429
703
3309
3720
1707
5556
1485
636
3524
4835
3033
490
2355
1111
1794
2398
1999
5100
5240
5001
334
5215
5000
2820
1302
1955
2599
4130
6307
6263
6467
5111
341
3541
3660
6323
384
3779
5194
2343
2485
3517
1893
5477
6131
5893
1066
4463
1008
2417
838
3589
1214
362
2922
1358
1404
3855
1838
4148
5616
3586
6336
2831
3960
2515
261
4067
3661
4083
3163
6000
5160
4053
699
3643
2440
2675
5274
3910
697
3823
4937
5112
1181
3722
3082
2160
5759
5152
6403
1072
551
6073
2964
4299
6268
2464
899
5156
763
3177
2090
4157
2778
5408
920
1569
5404
4742
1557
1600
2142
201
2797
2928
5880
1895
1546
3587
815
2578
2526
5621
4392
3950
1228
1693
5696
4757
4926
5167
3284
2357
3291
6007
5478
4124
3793
6109
3165
5494
2916
6357
3360
499
3377
4530
1273
3483
346
6195
5705
105
4956
1397
2281
635
4747
2277
6475
633
2094
2089
3997
1231
2451
604
4258
6466
4233
5118
3406
1768
3836
269
2152
504
5370
1462
2870
6090
5225
4223
6253
5219
5659
3748
1340
981
1998
4643
6095
1966
996
2762
3777
930
531
1657
2580
45
2733
6470
2728
3731
1026
5035
3180
698
5909
3122
1942
971
3567
3441
4401
6352
1114
211
5547
4032
3593
1480
4168
4416
1234
5827
86
1730
6032
4189
2128
5920
2407
2732
4765
4015
4493
2548
6301
2876
5319
1692
4351
4155
4788
6456
658
3474
3349
2582
4214
670
5190
286
4648
5686
1476
1353
54
5488
924
3747
3457
4388
3681
4509
5103
1203
317
6438
1697
2742
5864
4045
5200
3927
1020
3693
775
4445
1741
4630
131
1945
2761
6458
3085
721
3144
6228
6210
2703
744
411
3865
4123
252
4021
3486
6321
817
5394
3468
5837
3635
2739
6398
4475
1594
5245
3894
2583
2351
4222
3481
878
4986
489
1774
5434
2028
147
2730
3798
5126
736
4191
4542
5304
3235
5914
2900
5125
5288
3294
2283
2375
5213
2202
6200
2017
5936
2047
5102
5482
2113
2891
3727
6428
2961
2267
5664
770
4320
5871
4576
5943
6235
4322
199
1006
5626
2817
3123
5327
2388
5758
5108
3367
4677
1197
4982
4620
4047
456
4397
2722
158
4539
94
887
4306
3954
3538
4458
1124
3292
1816
3935
2747
1975
1547
5525
2186
2745
3379
4512
976
4534
5256
1959
520
3582
2295
2226
3898
5634
5475
5294
5421
1164
4885
881
2057
4330
5358
6339
2534
5562
2100
6144
5367
4833
1028
754
3208
4404
5068
1500
1880
789
1237
1948
4854
343
3229
4341
4688
110
4103
3491
3340
249
2573
1098
4642
931
3579
2429
3232
3358
356
3512
965
5569
1899
916
5762
1031
1634
213
1414
3242
2326
1080
3041
5298
196
3102
6325
4878
1074
2123
6223
5390
5149
1952
5136
4004
3525
1187
112
1724
1630
3559
4621
3368
2581
2066
662
5738
532
5260
30
5355
578
5023
2442
3744
3104
6031
1160
5835
3708
4105
6457
284
3956
5720
5090
615
4798
2848
1980
3347
3063
5741
4980
4192
5439
780
2769
4672
4922
204
3934
5049
5985
3686
1656
2536
5464
6029
475
5514
2913
932
4227
3796
1473
5372
1780
5929
5790
4078
1636
4697
6349
3352
1255
716
4826
4626
4108
474
2690
2698
5306
6218
1637
5521
3369
5495
1337
2766
573
3824
5169
1123
4570
1229
3249
5867
6167
3487
4950
4317
3631
5695
2966
1021
1079
2268
3346
5534
4903
1301
6150
3397
2110
3750
3465
5095
2699
4655
1402
2686
1499
5890
4382
2161
5990
3599
5059
3596
3035
978
2436
5531
1457
2886
2490
13
4853
38
2369
747
1749
3802
677
1355
3591
425
2906
1734
2300
4037
2942
120
337
5403
32
1226
4513
2199
5948
3580
3409
3527
2126
2565
5238
5946
4517
6300
1142
5851
1609
6188
2933
4628
2285
1274
6389
4995
1896
149
6303
1643
3236
5328
3856
5322
1316
5253
4877
1455
5930
232
1263
1060
4834
363
6043
4694
315
1169
2881
308
2729
1677
5387
6367
751
5769
2144
1469
606
2386
642
1806
4603
1563
5357
4545
407
4624
3248
812
4787
4464
5009
6219
856
1664
5487
2768
2488
1182
5426
5678
2651
4709
2405
2070
5115
647
265
157
2227
6450
2992
5295
5840
6021
581
637
1820
6153
2009
1298
3668
1934
150
1435
2584
6174
6272
5003
3197
1649
898
4419
2048
3828
473
4616
6340
4044
2056
1833
2414
1107
4252
2197
1696
429
1606
1920
5469
4525
144
4239
6098
5630
788
3479
2523
611
2638
617
5557
3419
83
2316
5187
1789
5754
4324
6141
2350
4100
3991
1676
5651
5435
2718
3973
4815
178
5244
1887
760
5230
1398
2194
5928
896
4792
61
4820
4799
3906
3423
1299
847
2312
2219
3250
4013
3142
4142
2356
608
2642
5204
2661
4761
3513
422
375
4611
365
3176
5506
3723
3414
6277
1744
6238
5098
2259
3223
594
493
3224
1704
310
3324
3053
6221
63
3356
39
3421
1561
3318
5305
4891
1411
373
5029
4498
4350
4095
1069
1295
3139
6130
1082
626
5822
228
5587
260
1416
5847
3930
3485
2035
4876
4925
988
1897
6176
169
3492
6372
5947
3090
4907
1529
1448
406
6161
3999
4988
5795
1850
5279
1381
1421
4652
6037
2560
1831
5859
2380
4383
5612
2132
1722
631
2553
671
2469
5823
6060
171
2002
3065
3213
2878
4446
2518
3458
3711
3615
3351
2517
3335
936
5321
1824
4784
3355
1177
1922
2860
2749
6394
3791
319
991
6437
2325
6142
4213
5663
4197
5877
5222
1324
1454
5721
4487
1211
4585
1538
568
2614
1287
106
4763
4573
3844
4205
5472
219
4079
2215
4755
6028
5905
2679
4228
4234
1366
1461
5368
5638
985
3171
3364
2045
526
3995
4670
3354
5722
1853
3699
5338
5198
5226
4089
927
6313
435
6400
3925
3987
367
5560
294
3147
825
2347
3990
886
1238
2188
4296
5398
2715
4725
1837
2640
2175
5107
4662
3771
994
3560
3625
1412
6326
2232
3181
4551
3274
3476
5193
248
6291
6259
2282
3404
4766
2826
941
3843
2866
3247
808
4161
6414
4560
1035
1219
4633
4924
704
5395
1423
2692
423
3096
2785
2998
2937
1586
5945
1269
3326
5750
2956
2531
2011
5918
4396
242
2245
1101
224
1669
6041
1496
40
3263
2077
2597
2341
6298
6081
724
6399
609
2782
4183
126
725
1370
946
6430
4905
2087
1978
4644
44
6164
5533
5962
4470
5536
3261
3905
4369
2231
4164
189
6052
802
2595
5189
6380
1010
463
1180
3219
1023
3516
4929
6217
5428
2262
3784
1495
4216
2760
3944
558
5062
2203
5636
2358
3757
791
4409
1190
2049
88
2083
6055
2539
2843
516
5917
1892
5479
5625
5377
2165
5316
2668
2927
1475
912
2557
5182
3877
1523
963
4405
4987
3330
4169
6473
2650
4776
2660
1675
2962
2524
6024
6452
3015
5424
6242
1845
4039
5972
1036
5042
926
4336
5171
3601
5980
302
6442
5669
6237
958
4927
4858
4634
1368
3359
4393
5817
719
6157
2010
3714
3058
1032
3523
1043
1233
4441
390
1292
2683
1009
757
3129
1564
2905
1144
1648
1115
2038
3093
2711
2710
4002
1688
2792
292
3027
3594
2075
2424
4632
4081
3606
3418
1527
2957
2483
3821
4592
3117
2486
2721
3466
599
5691
95
1548
3704
6225
3570
5486
632
3785
1450
4708
5855
5736
5242
5744
4889
5247
6447
717
1575
3416
1194
982
4484
6462
1037
4178
4567
2236
1712
6395
6096
6427
848
5155
6315
6184
5386
1871
6013
4779
1581
192
6329
3012
895
4449
256
4941
1294
6197
1731
1474
1870
2720
1929
1717
1221
4883
6310
3908
3008
525
686
3069
1086
98
25
3923
3056
4147
6206
152
5708
1886
4
5545
1392
4508
3433
2254
4158
4256
6258
4728
5934
2477
1910
2544
91
1195
2251
339
3029
2462
3164
1827
5054
2726
6175
5227
153
4041
2552
2907
1796
3159
4385
1800
3026
5
3499
2288
1386
4500
1438
4738
5666
3305
6104
1408
3573
1175
5524
3264
1212
4145
5246
1876
3234
1431
1276
3922
873
5289
2401
3493
2967
2448
1953
4823
3211
4527
3022
5949
743
4737
997
1750
5396
1821
4896
3788
3000
3971
3810
783
4497
4250
4536
2093
1272
4704
457
2055
2206
3070
2409
119
5221
5196
4625
2214
3696
3787
2217
2366
1971
1728
774
2704
3608
5146
5674
6179
3982
2425
2609
2807
1786
1737
434
5777
64
1441
221
6154
3636
151
6102
6245
4994
2853
3156
1089
5575
5142
2444
1772
4553
2607
3536
2836
3568
1843
2579
358
4466
4331
1595
3217
4160
254
3671
3770
3148
1592
4244
1467
2977
579
663
2157
2370
4627
5278
2170
3649
4402
1726
4731
5423
6054
3676
2567
3751
722
4048
5799
4913
2435
3646
3155
813
4740
5944
2823
5608
3283
5254
4027
5137
4033
4828
4540
2005
3679
4172
4426
5532
5872
5791
2615
2299
353
5800
1988
301
3622
6429
6406
3875
2140
4355
3285
1039
2190
629
2332
1308
4408
2547
3809
2814
5433
1172
4246
2105
5622
5134
4582
6156
3298
1865
2984
3758
42
6241
4018
5694
2331
5013
2023
5740
2960
4410
5620
1213
2527
6087
1685
2914
3388
2528
1460
4094
3178
3128
5806
2917
2725
1410
1836
4744
1275
3533
4201
5693
4026
1342
5788
1395
3456
393
5046
2032
5780
3028
3887
323
5360
2525
1678
2468
650
4882
2669
5114
4510
6064
56
395
3304
5849
2975
2939
2706
3585
2845
35
99
2052
4031
1578
5022
567
983
533
6256
1464
4238
405
1531
255
2319
1127
1761
523
4960
4912
3489
6426
897
4119
6239
2014
130
2918
2799
6381
4271
2474
4804
1288
5293
2096
4394
2367
3799
1227
5287
4772
3794
5735
3974
4070
5830
2948
1551
1579
3531
2007
5353
415
6469
3618
3440
1875
6324
4581
3220
5760
4361
3702
5275
6386
5995
2020
995
6149
5017
4845
4504
2806
5154
1535
3255
738
5454
1083
4943
1283
4087
790
1122
3740
4017
4955
316
5005
6460
464
1770
6320
777
4259
546
4055
2509
3537
3132
6390
2632
2665
2145
1419
4505
4220
5828
1937
1202
6345
6003
1472
4040
5476
2670
6439
4200
5010
6053
5585
3459
2538
1521
3947
5419
1591
5021
5179
6311
3131
2635
977
6039
1267
4522
1361
1590
2847
3437
427
1798
732
5223
2135
4668
854
6295
5139
3293
329
345
5203
5629
2368
596
879
361
6319
1059
2430
2457
1927
2628
5317
1310
439
1363
1769
921
1778
6370
1068
1096
4477
1429
5707
5092
1758
5199
4229
5283
1128
424
2663
1399
793
613
418
4918
5517
1909
1828
3061
3701
233
2043
5896
685
1610
3480
5027
6434
5233
2713
4795
999
3913
1391
5685
824
1753
5420
2118
2364
3642
4699
866
3892
3876
6146
5429
3628
6178
591
3773
5746
2237
820
4578
3295
1055
1209
2097
2571
555
584
5582
6290
3405
2293
3313
4339
5002
1350
1923
3882
6432
1394
5776
2894
2633
5747
3566
452
4146
6361
5618
5786
6198
702
5250
3624
2147
3889
4363
2143
4931
1290
5006
4586
3215
5688
3669
2168
1491
571
2951
5966
1309
283
6363
188
4283
922
4948
6412
369
5133
167
4706
1926
5963
1597
4019
2790
4001
1560
693
2345
3374
4976
2377
2926
1781
3288
1916
3609
1401
33
6464
2101
134
2119
708
4515
3095
3199
3619
962
1048
117
640
3719
1751
2816
3407
1167
5628
3116
3075
185
1619
2619
5064
5186
4414
2290
892
2478
2924
6270
430
1148
4601
601
6191
2627
3133
5580
1969
4334
4003
4235
6297
5960
1823
4524
4917
1076
449
627
2696
3074
648
2794
1779
3500
6114
1179
6232
1659
4490
4360
1319
1017
4242
3089
5176
3391
4664
5844
4535
2306
4387
3639
5218
2103
714
2551
4134
6135
1088
4379
487
3952
5144
4386
4300
4974
4122
4156
3225
4023
3137
6463
3928
2053
3902
3301
1311
2265
2426
2740
1938
2550
928
3081
5371
5273
4390
2586
2801
6027
5235
5393
59
194
1854
535
6132
1785
1994
2069
2954
521
2484
3851
2454
2764
6208
2673
975
1071
1278
1300
4421
3543
1150
4348
2724
4472
4983
3100
814
510
5863
4473
1650
734
2479
6234
4963
3040
3847
2575
6254
6072
26
4714
797
660
3542
3231
3730
1725
1200
6261
66
4357
413
4852
142
3822
5089
3018
943
4690
5457
53
2044
4902
1045
3919
5577
1624
4523
1533
4430
2941
718
3173
5389
2218
4701
2929
3916
5480
3812
146
1716
4681
2987
2610
5755
1049
2854
2893
77
5341
3602
3864
1627
114
161
5535
765
2222
3581
5676
964
50
399
4887
6048
4656
3382
3869
5397
2596
5988
5473
4906
684
4848
2986
287
3265
4345
141
4965
675
4275
1528
2890
1525
1825
2178
869
4794
4420
6222
6265
5342
3617
1621
5624
4011
3454
5109
3663
3666
2031
2404
3854
5458
3975
1719
4588
4260
2999
1103
5205
3647
2493
5467
80
3068
6302
3336
3983
1490
2849
3345
5248
1990
5912
5520
1206
3372
1601
2261
1171
3917
6213
3762
2608
2015
1532
634
3030
3940
4433
5869
2494
641
3196
5315
5951
4711
3268
2307
4936
1534
1577
877
1835
810
4723
5148
834
4247
5829
2297
1913
3783
4975
1520
5045
1097
1271
4666
5280
1445
612
1417
5719
2391
6317
69
3243
4596
2708
2530
2025
2266
4303
2829
5131
4962
2753
6101
4093
6115
2151
5041
1305
2081
202
392
2649
6012
6465
980
3503
2201
3415
1014
327
4782
4817
1513
2419
2182
2990
3837
3754
3072
2657
3308
2744
2263
2492
6065
1522
2805
4780
5075
6249
4631
1773
1792
3331
5039
3091
4364
4808
1742
3396
82
3736
6059
913
2399
5811
5083
5965
4715
711
3629
5277
5026
1162
1599
753
2431
1817
2169
4356
5300
1025
374
355
3613
6165
4126
46
4054
6082
839
4491
5291
3496
174
3084
3067
5385
4221
5611
3616
2598
2995
1715
4143
3227
2223
6348
835
3880
3634
2978
2276
4437
4434
4702
1984
1690
1901
4599
3497
5516
844
1684
624
5038
5087
2969
1848
320
5815
2329
350
3563
5976
728
1558
1733
3703
2834
4890
3670
4069
5858
3341
4810
6424
2102
136
2568
3831
3729
2095
3267
3
614
5637
1215
6342
5675
5646
1110
1105
674
496
1483
1840
4159
4548
1900
2504
4847
4452
3739
5263
4821
1327
4133
623
5391
1829
1143
1695
258
4327
3319
5427
5362
2837
1266
2512
6309
4030
4097
3501
561
2088
1335
4904
4165
3446
1614
782
1134
3430
6203
1341
5831
4111
1364
5601
5212
2709
3152
6112
5570
4888
6285
2535
121
420
2775
554
860
2499
1030
3867
1484
6084
5964
690
2162
3640
669
1140
2359
1642
3127
5440
726
3014
3161
1333
861
5862
3962
6383
5202
4038
4194
2835
4413
1847
3334
3778
5955
173
3539
3529
4686
655
6181
4676
1852
2813
5551
1935
4269
2808
2714
6273
3420
938
4618
247
3162
1641
4086
2008
1178
3402
191
57
2920
5071
1736
1921
5889
616
5940
4720
5518
733
1567
5538
5347
4380
6014
2985
5074
5950
2738
4802
3107
5430
5977
1426
735
234
2308
1322
2846
2735
3774
19
5833
2163
5606
2497
1585
951
4398
3276
904
1104
5667
4830
2719
20
145
949
3554
3574
6108
1542
1235
3781
3353
3803
4254
954
6194
442
5158
3259
6033
4251
4115
2612
1645
4193
5129
6248
4952
1390
4866
3207
4263
6120
5984
2127
1075
2193
4328
4934
5266
6267
3471
577
6445
3886
3252
5884
5987
5286
1607
3879
245
2243
720
3205
2952
2643
5698
5679
5381
1262
1365
4639
4981
4245
4014
4691
3320
2062
2923
5399
2731
6190
2689
290
1703
3399
6077
205
4316
1932
4778
969
1826
6338
14
5481
656
4831
1992
5548
3992
4696
6454
1052
5269
5323
4595
305
2681
5165
3435
5335
2994
4162
3737
5528
