1874
28
3795
918
3305
3649
1545
422
2367
3760
4658
4452
2131
2694
1058
3347
2405
3115
2616
924
4442
1731
1965
3417
1017
2707
875
1346
1363
2637
2377
1588
3957
80
3585
2464
4334
2269
3855
2366
2143
2009
1020
3534
1845
1062
1706
4162
2231
560
2622
2835
4092
2115
1028
4753
1603
2474
1669
3143
397
213
2892
3763
1990
1310
3379
4411
580
3727
4616
4619
1263
1189
1925
532
3486
4473
930
3680
332
2237
4222
1162
3992
4664
4075
4721
1633
3704
4582
2349
4740
2796
791
1730
3879
3880
2281
729
3185
2916
2128
2952
2643
2587
2084
3466
3599
3926
2096
2599
1023
3737
4321
3616
4410
1441
2564
3893
715
30
3962
2940
2886
3004
2915
1712
4112
3085
2462
279
2627
1241
4113
1277
4710
4648
2536
4690
98
374
315
449
2486
2286
3999
2685
1318
539
1922
3907
95
1902
4500
601
3153
435
940
4704
1298
3639
1617
4595
61
305
1657
1362
2966
2069
2306
1324
984
4388
4475
2264
4754
3098
1753
60
4034
2990
3774
3529
3726
1403
1008
2844
4440
3370
1847
2777
3111
4400
298
2764
2467
4225
2289
218
2804
4282
648
72
547
1429
834
3011
136
4295
1966
1247
2926
561
3297
3366
3647
933
3613
327
383
1106
1467
1434
1407
4022
4033
1640
3820
3235
2320
1289
260
419
4329
3593
4489
4761
1883
3330
2676
3388
688
4122
164
2090
4517
711
1313
3271
3262
2540
678
175
1367
689
446
898
177
836
4742
3699
2221
3367
4573
188
529
4196
1217
2530
976
71
4373
4409
2204
92
499
2996
4382
1856
2766
3648
2740
3300
3755
70
271
1146
498
2371
4020
4252
1446
4446
2002
906
2178
1238
118
2259
3941
1869
785
4009
3342
1266
2296
1642
730
1293
2356
1534
2842
3651
2571
2623
2851
4039
1331
1369
4157
3600
2094
3944
1790
2290
2383
2424
2444
3824
2873
2830
2751
4016
228
2287
883
4404
29
633
2993
2413
4422
3905
3276
1239
1828
55
453
1350
804
401
824
56
693
4496
3059
4592
214
4506
3160
4279
3339
4773
1060
3279
4579
399
2186
293
623
3728
1214
1685
1696
755
3994
1160
2923
1400
128
701
827
1993
554
4554
2341
4407
1558
2657
2336
4461
4698
3471
4095
2855
3733
1547
3963
425
1952
2350
3009
3061
613
3615
1851
713
4074
4774
4680
2559
403
120
4700
3869
3521
1047
1137
3062
4583
514
1601
4663
4438
998
594
3595
4513
319
1846
3833
2
3977
3986
1083
694
2748
1568
1328
3103
3396
1973
2161
2666
4213
581
697
1091
1394
642
598
3054
1751
974
3097
888
4190
2241
1211
1117
1055
4004
2874
2732
4514
3446
2919
1204
3991
4679
36
1404
2150
3204
100
3558
380
4523
1110
2658
1533
1991
4445
1192
1652
1817
1222
3298
2223
2126
1432
2665
3952
439
1025
1610
2079
1941
3289
3857
2324
854
4088
1242
3629
406
3180
3322
4738
4405
1732
3178
2315
1861
4303
2767
398
1948
3831
339
1203
1029
781
3865
226
187
635
2239
2331
208
2138
1733
3646
1981
1013
2837
686
3671
3742
4182
1988
1275
2863
2862
3074
87
408
2971
62
2000
3075
2313
570
1649
4577
1103
4352
4459
1808
1624
2214
790
2309
4503
3474
2429
3139
622
3328
4617
4375
2087
1502
666
994
4140
2196
825
596
902
3913
248
1745
284
3310
3006
752
4239
4739
3665
2583
3364
4377
3162
2595
1615
2153
3589
1621
4119
2570
3573
4611
2991
3506
754
3936
2638
197
3256
3968
3201
2326
1335
2249
3624
2669
65
568
1465
1664
2743
4681
786
1066
3485
1889
192
3955
2082
3891
2733
578
2323
4620
1905
3404
855
3325
896
2330
2189
1916
4208
1141
861
2677
2720
1339
3682
2911
4073
2151
472
410
3284
3976
1829
2894
2998
3764
3572
3247
4703
770
1986
1729
4151
3451
1648
4246
3047
2278
765
3087
1154
4590
233
1071
2682
4060
2861
3041
211
2063
2547
3120
775
3661
3192
4486
3772
4746
3179
338
4743
4684
1666
365
456
2509
1736
572
2621
3961
771
3119
658
2283
4135
936
2254
4435
4596
1474
3431
2791
4057
3828
703
4275
650
1710
3158
3784
247
1270
3912
3637
1792
1014
4152
3413
4450
132
971
1401
4587
1802
2729
4668
4146
409
4661
3021
4492
4462
254
1535
4035
2881
919
1881
3928
1193
2447
1682
504
691
2679
4584
2487
817
4546
579
1747
2929
1503
2181
3545
4399
1956
3868
4086
4189
995
1927
2258
165
3282
2163
2866
1565
3137
4720
3033
1831
1445
1744
2532
2220
3157
2673
1452
1188
1296
519
3213
1934
2032
4737
3171
2212
2948
610
2168
2451
3530
3971
4045
4732
696
739
2762
354
3792
1541
3264
2013
1862
2661
2165
837
1276
3603
685
483
2027
18
4701
3078
4691
3136
1283
1635
987
2820
611
1971
1938
4591
2329
4155
605
3703
4223
4254
3225
3803
1245
3269
357
4607
1456
828
1248
1996
2561
4660
576
2078
909
1006
1229
899
73
564
2814
450
3796
1382
925
1842
1359
4210
1776
1699
1770
4533
3856
465
3546
76
3360
3511
4201
1190
3892
3568
1946
1750
126
1183
1915
1116
323
2008
163
749
1611
1597
864
2083
2060
687
826
3277
3786
4709
1155
3560
275
1059
1046
4230
1604
1358
1740
4096
4385
2882
672
544
2348
2543
183
1758
3676
3614
3338
3544
1415
1512
3334
4181
3537
4028
2411
1205
210
2794
2086
1653
1329
1464
474
2500
2606
3574
4243
4244
510
3650
1955
1644
407
3249
1257
4673
3852
557
2455
2352
2877
1186
3029
1659
778
4091
1936
1165
1326
2508
395
193
1680
4507
814
542
2935
3406
521
862
1219
2114
1926
1826
337
2973
1825
1623
2581
63
4011
3714
3175
4522
1315
1566
2185
2562
2200
2335
2787
4129
81
2805
4238
1525
513
873
1178
2100
4559
3468
4354
1491
1572
1711
2109
3644
1112
962
3048
4268
270
2097
4278
3475
3590
1697
2782
4265
4357
757
4317
46
4340
1527
4066
1570
4099
3924
1628
1608
3482
1444
2932
956
3343
2941
38
1501
105
4059
943
2605
3105
3565
1469
277
4120
4588
4571
1643
3666
1636
3738
941
2654
462
3027
2399
2275
2788
1495
1281
3222
3166
4765
156
1593
2021
2646
1690
1156
1181
783
904
4697
3072
746
54
533
2758
3311
620
2609
1810
2770
2690
2205
1147
4627
679
4575
4333
2054
2396
2458
1667
4197
1398
2351
2865
3414
2841
718
1626
4736
4484
1983
2775
2574
1768
2778
4430
2867
4728
4010
1540
3432
2033
3825
1994
1487
3274
1639
428
4123
3672
840
1672
1779
4348
2252
4757
2914
1426
1939
3411
1823
4184
43
4
500
2982
2443
2512
157
4431
4646
4169
476
1040
3076
1899
4104
3767
1552
1152
587
3005
3800
1301
2208
1167
2442
1524
3542
486
3628
2362
1021
400
4521
2484
3455
94
1735
3591
4733
735
959
4419
291
1508
3849
815
4336
3294
2482
886
3535
3860
3309
2490
2985
589
3525
2501
4256
552
3821
3200
3123
4612
833
1755
2568
2499
296
1378
3430
1486
4386
3518
31
1417
3541
3447
982
835
117
4391
923
1493
2672
1044
4597
174
911
4274
1937
3331
3389
2035
2513
3867
1026
1785
4273
1185
480
3093
2662
2506
3643
3768
1689
509
555
3251
1760
3778
654
2968
731
4262
1423
3102
3316
2273
2074
2047
2080
2641
2187
2379
1208
3091
2594
2853
921
4535
1341
1516
3427
3301
2180
1707
4510
4745
1668
492
1231
2927
4598
3184
330
4287
1901
4465
4153
2678
2785
4502
1280
4541
4494
2426
1034
2491
209
4167
1488
1963
2975
4568
1571
3758
1077
367
1254
1705
3159
1865
3522
4081
3989
659
4367
866
2365
1273
3154
2045
3245
4247
3995
914
207
4267
3443
3695
1656
3528
4276
351
1818
2108
2812
2495
548
583
3745
201
1
1024
4347
3938
3598
4532
3641
3736
3142
1708
2999
3918
2393
4220
710
4241
1457
3791
1703
3252
673
47
4161
3176
1564
1522
999
1437
4725
2801
343
3920
2380
269
1867
2403
2753
4610
1356
3465
2473
1523
1351
726
1120
3878
753
508
3817
1858
958
3373
853
3253
3295
2544
4574
1761
4160
4186
3708
2969
4077
2227
1671
3985
4772
867
4504
4248
2106
1158
125
4369
2217
955
2575
4501
2226
3601
113
4206
1756
1498
1311
3863
3086
1777
1067
1304
2557
4227
432
3884
2989
3782
4688
1272
2390
3723
171
3670
1543
3101
4432
2475
3958
3757
4576
1163
2471
1878
877
4132
3416
2406
1244
1210
3692
2460
458
366
1704
4464
2832
2041
2381
3540
967
4003
1984
2354
2146
3106
2240
4516
268
2921
4314
2713
1718
3246
40
3081
1240
4706
347
3732
4126
74
2776
314
45
352
1226
3227
3702
1319
1816
2598
1553
1972
3169
11
2338
2691
4264
2649
2070
4718
1898
2197
1138
2142
3239
4365
235
803
2010
1019
662
2322
734
1678
2417
2693
3434
2793
2961
1022
1215
66
2121
4497
2427
1852
3942
4425
4671
3069
444
2022
2930
2230
3296
2225
2282
2505
2102
3458
2800
2783
2359
1171
1385
2195
920
1497
3183
2111
3385
1161
2314
1838
14
1387
3640
2203
705
2939
527
4490
3659
2177
1992
2193
3645
2414
3206
2612
4311
179
1895
3840
3829
2555
485
756
3594
1236
593
903
1820
3656
2668
3631
150
1259
3045
2887
939
4396
3508
2400
1932
3967
3190
491
1030
3168
4741
2357
2799
3674
1267
893
3804
3170
1064
4185
3285
4041
3393
1302
1698
2695
3943
318
2244
2210
1674
2003
4158
515
1976
1243
2321
3609
2589
3104
4031
1490
3270
203
3687
3410
3421
3812
3532
3608
3022
3024
1352
3806
4044
4280
3429
531
2266
3622
3610
1381
1868
1629
3721
4470
252
3023
2089
3526
124
4030
2043
1904
414
3147
1365
2546
420
2270
2265
1850
2333
2723
1562
2489
3422
661
2263
5
1447
230
3830
3927
2850
573
1111
829
4288
1507
3945
4307
983
3114
4578
2233
4624
4752
2744
1748
3231
2578
2631
2525
1438
3449
4117
2798
2256
2488
4108
468
2692
2847
1882
3182
1815
543
4170
143
4524
4094
3046
2497
2302
724
225
2434
2316
3779
4748
3781
3979
4269
2292
3444
3096
2172
3348
2416
4100
1824
199
2774
4078
811
2280
1202
4166
3744
4499
4581
3478
3978
3255
494
1609
2299
4350
1832
1198
772
2101
4770
1670
782
2624
4216
4001
4402
4421
2124
3579
4378
4467
1420
2422
2023
1393
4364
3607
1002
2337
3626
3813
328
3292
333
2747
2137
1582
2910
2786
1554
1312
4665
4454
2626
1875
3818
960
350
2156
3679
4652
3476
3435
412
3218
3925
236
3258
634
4433
363
1893
2064
1857
317
2936
4232
1448
3583
556
4529
4221
3092
1057
4261
3872
916
44
2859
890
4468
4332
3655
1542
2378
2876
402
3734
3848
3313
336
4551
1914
4403
2135
2617
1092
1153
4628
2608
3844
4724
4566
1104
4368
3533
1789
1123
302
4543
2976
1752
131
4124
2591
4235
2118
4687
2228
4580
841
2272
4339
1323
3079
917
1741
2077
1037
2191
3375
3226
2056
707
27
4019
4286
2779
1081
3861
3013
1463
1001
3109
3980
478
2154
1418
2518
3040
2944
1866
2423
1701
1877
1799
3172
1765
4040
1285
2630
1268
121
808
2903
3949
1885
4325
3899
217
1794
303
1896
530
4483
4014
3509
3207
3232
2328
3454
3770
475
3783
3365
1453
2262
2633
2964
2648
4768
4384
4008
2857
2735
3401
597
788
4164
832
245
2065
1199
1510
3031
895
2535
3070
2145
1830
206
2188
4714
469
1376
181
4444
3981
2408
3847
1325
674
1557
3107
2902
3491
1045
1149
2869
1074
4618
2642
657
4458
3664
1821
1260
2719
1053
334
3773
3668
2539
4076
2325
1224
1529
3729
3341
4218
2093
2428
1754
229
3077
1442
2068
202
429
2995
116
858
4455
2456
1997
1462
4557
3408
4602
830
2567
2389
4585
1330
167
3929
831
1598
4493
1876
3394
3212
4093
4102
1521
2655
938
966
1099
1197
4413
4650
4027
3902
879
4281
1049
4048
3440
1449
1574
3019
2345
3035
342
3885
2803
4542
2028
2311
2687
2432
2271
2235
675
1627
3189
423
2431
3510
2053
512
2651
3870
2840
4764
3756
996
3930
2382
1460
4037
2545
280
134
4374
3094
52
4589
3877
2250
4065
1879
195
404
2864
4653
2242
2963
3494
843
3145
155
2905
2502
4469
3694
4298
1286
4696
2091
3617
4141
4183
3134
261
1364
464
4068
2407
3140
588
1344
3186
263
683
1065
915
1472
1096
238
3681
618
244
1801
119
2576
4548
2368
1985
3635
1409
3288
2956
3564
3371
4342
708
251
3939
2182
2374
932
4012
3209
629
3654
3557
4565
2550
2129
2970
516
4000
4394
728
2826
3901
3450
3771
1249
4114
2671
4259
3133
591
4656
1924
1392
2215
2224
139
1583
4316
3057
2635
4769
4263
4188
391
2485
82
2232
506
528
2340
946
4456
4434
479
256
3363
1592
4299
3018
1691
609
2288
3948
3100
2031
656
4324
1300
1097
4642
2652
2962
1480
738
3477
382
1912
3566
3327
1011
706
4463
1607
1917
1016
3890
2945
511
1264
4547
2822
3374
111
1900
2391
1839
2245
4536
348
3377
4672
4178
4080
481
2127
3149
1920
1000
1388
2159
2183
3788
259
2705
838
2667
4349
141
2829
386
3243
4103
4528
1129
3536
1213
142
1038
2402
740
3761
1819
427
1578
2554
2893
716
2436
2098
2433
2843
3578
2582
4448
3117
4202
1676
434
4629
2958
1721
4174
3538
3272
3577
1518
3038
4534
4224
1473
3439
287
503
1234
3216
185
3712
250
4420
4481
2664
3972
4055
1576
1063
1903
1720
723
1688
3705
961
4320
3352
4466
3873
1886
1974
4105
2601
16
1679
324
2704
2781
4042
2731
4415
1719
2066
3766
1602
1225
2856
4414
2017
417
3730
4641
2075
4015
4107
