793
638
3718
4459
2296
4412
5780
5989
1223
5848
5868
3249
255
6369
3689
6881
1516
3857
3912
6797
808
2118
1212
2320
6447
1656
7040
3845
2724
6762
539
3208
2028
240
3752
5722
959
1231
1636
892
6159
5027
5956
6724
3458
2529
2375
3298
1465
6631
1919
2087
4814
3167
4241
2205
2446
5570
6793
4358
695
6791
5200
4917
273
5799
5594
6629
2490
4344
6048
1756
3529
4059
5077
5454
3619
3982
1007
6496
3309
5583
849
250
6725
4091
630
1163
914
4185
1501
1390
4083
5923
3986
4236
495
4276
2093
4183
111
150
5902
2341
4932
686
3311
1773
5751
2901
5055
4883
2621
5652
6807
3934
1942
776
4532
2950
554
3236
3068
5900
3496
283
1977
5967
3459
7016
4690
6509
3113
6145
407
6057
3310
2973
2248
302
4865
1100
1964
1331
5517
3115
27
6606
2278
378
6900
6307
3056
803
4644
3220
5451
1326
4809
5122
3827
6237
2702
3684
6633
2555
4909
753
6855
359
2126
2523
6622
287
5097
2206
4065
3447
5276
4556
4516
296
2444
995
470
3088
674
6567
6445
4593
5489
3565
7054
4132
1785
6763
2292
3487
4378
4924
2253
1303
5571
2176
1024
350
4357
5882
2286
5282
478
4503
4448
4843
3057
634
6166
1056
7094
6414
2895
4508
2970
2048
2552
2101
2623
6866
676
5548
4423
4572
4715
6457
2631
4521
6050
5435
2457
2270
7041
4072
2708
1722
5602
3004
3125
3974
2417
1314
4890
2845
5604
3641
4134
6400
4437
5388
6515
3443
3075
6362
5151
1754
1036
5851
5945
1611
6115
2106
264
6577
3119
2228
4951
6836
58
5257
3554
3131
3719
978
2860
5863
5726
1605
4537
49
1860
722
1831
4590
5421
5532
4983
6326
6426
6081
5044
6937
6047
1239
6880
5111
1340
3740
5417
3432
4586
1078
4881
3172
7090
6947
4362
6816
826
4457
5172
2109
6739
4792
605
2485
1283
3089
2881
6461
5856
5952
6997
3286
417
1786
2170
1537
5619
4635
1598
2261
1637
6736
2606
3395
6262
5968
646
4279
322
3973
6780
5786
1577
6579
7021
6140
1788
509
3760
5675
7034
5107
2511
1301
2543
3387
2423
5431
6646
6258
5203
6123
1389
5566
1692
5965
5816
457
3363
1222
4653
2999
4800
7089
5003
7029
4570
5865
4853
6624
4972
517
1728
373
6635
381
5807
3346
4311
2236
4002
3475
4788
4886
2016
2389
3501
5333
1894
6041
5427
4042
6999
6613
3627
166
1840
1502
2265
3652
6643
1168
789
126
371
3151
6005
3054
1661
2857
1791
4642
3542
51
3223
2418
2686
4796
3600
2231
3709
4989
991
1442
1423
5041
3405
5401
1137
2597
3179
811
709
5343
4906
1594
1834
2861
1082
6126
3171
7038
4723
2739
10
1583
2676
1579
6101
4944
694
1302
1683
549
1330
4977
3099
970
3232
861
6578
5589
2197
5885
77
2403
384
1969
5600
1618
6245
2017
6388
1480
4645
268
1821
6022
6794
3662
4402
6427
6930
6039
5919
5137
4025
1671
2196
5166
3134
1010
3326
1771
3476
533
245
4959
3636
5569
4282
3687
2436
1520
6375
3669
5560
2953
1601
2207
6310
3688
4087
5214
6080
4274
6655
1677
804
5465
487
2616
3555
3777
6645
1944
6533
769
6994
3153
5884
4748
1313
2307
1258
2947
1292
1778
3375
6502
1999
6779
1565
4141
5155
2695
220
3815
4870
4847
4763
6144
4367
1142
3924
3969
5459
309
1141
1717
7087
6539
329
1094
3072
6377
3276
6397
4027
946
1625
195
7055
6876
4622
1941
3778
1337
167
3355
4614
3213
6106
3474
6549
1196
5990
2684
4495
2734
7031
4621
4096
1407
2957
5818
2727
4705
2864
3835
930
3046
3789
1571
7086
6441
6489
5106
1648
6458
6810
4878
3673
118
4719
1316
4333
984
571
5542
4306
4670
654
2497
489
867
5212
4702
3194
1936
5413
1250
629
3534
5065
1993
6260
5873
2473
61
4259
6481
2635
6165
1150
5039
6342
3433
6842
523
2204
2659
1348
2479
6229
4732
6416
5016
7081
1025
6120
2495
1395
5670
807
415
2407
1930
2345
1622
5220
6139
2502
6809
6422
5740
4780
5356
1048
6207
5098
2432
6450
4489
4839
3079
6651
3806
5776
3090
7037
530
3238
4511
3638
3700
3858
5859
6785
5030
3905
3963
5266
3918
5509
442
5768
2877
3062
2823
5693
3724
1054
4772
2133
4474
2367
3369
6218
1659
555
3626
797
4600
2216
443
2023
1288
6726
4698
1102
1667
1563
3365
3876
6150
6223
6069
1494
393
2559
584
6167
6694
4519
72
5052
134
4034
771
1221
4739
6306
6228
1429
1484
716
4204
3277
6910
4158
2280
1488
4934
6083
2467
3573
2816
6776
6548
5745
14
6687
4416
3019
437
4549
3862
1839
2120
3698
380
1073
1525
786
7080
876
3299
5672
4960
4895
5079
1071
1543
434
5278
2500
178
7003
3743
3048
951
4962
406
3840
4213
3231
222
5061
386
2483
4798
1590
3137
2605
760
2139
6183
5707
1127
5762
5071
3957
5180
1038
3597
1151
940
6282
1689
5876
2569
115
183
2013
4424
731
352
1037
1508
2044
2910
3334
2030
2410
3850
1581
2342
3278
4785
2558
1093
6074
3154
4140
6523
5297
1279
6558
2756
961
5729
5974
6014
2222
2282
1827
623
3647
2995
1909
6914
1088
5009
2312
3317
1544
3268
1029
4114
1393
6847
2004
1542
4700
1531
3568
982
2550
3861
2434
1098
1711
379
3763
4353
6449
910
3491
1836
5247
1492
3714
4664
6463
1418
5277
1733
6761
4452
3587
97
1998
590
5329
3944
1284
7008
5013
1738
4217
3243
4018
1736
3721
4650
4794
1723
6709
4542
6078
728
6565
6103
3808
311
501
657
135
2693
3567
6897
337
5275
1908
2764
2830
779
5731
5121
1042
2649
1373
5696
44
4284
18
6095
4577
707
106
3485
6917
366
5469
4148
4266
5224
6378
7071
2673
4544
1443
7011
4136
5940
494
6
7067
1357
4940
5934
721
6367
5677
6263
6608
5671
1560
6370
6017
2610
1382
3143
1580
7052
3129
2210
5
1130
285
3196
2293
4613
4832
6768
6685
1467
6233
7068
3388
4623
1569
3376
3406
3301
925
1004
548
1205
5143
3599
6067
22
4879
6859
3879
2846
2459
2018
6383
5187
5763
6972
5132
2284
6554
1419
7091
1850
756
328
5858
574
601
3624
6923
205
286
528
6599
6222
3655
3787
1674
5681
4429
2325
3762
79
5473
6798
4118
1206
3473
4397
1975
5634
1402
6484
3897
3853
6394
90
3360
2009
696
3784
4447
6964
2026
4369
3450
6036
3738
25
838
2599
4011
6682
1059
4611
6954
4902
2655
854
3904
3788
2682
1562
1576
3156
4468
6234
5380
98
2187
6111
6544
4580
4568
6825
3284
5372
2720
3869
6679
3349
6353
5986
2903
3922
5244
5957
2277
866
5020
6323
5663
699
2867
2052
1174
2541
2687
4090
6254
5476
5964
937
7097
3769
6708
2480
7026
6915
202
2717
1370
1868
6640
577
819
6559
4325
4903
1183
2652
2299
375
4507
6665
3110
1034
4182
298
3757
4394
5640
1249
7100
1436
4830
625
3940
836
5167
2971
472
4891
1718
2122
1175
5774
1764
4406
6505
3354
50
15
339
348
1259
3712
2650
5128
4107
4709
5575
909
1623
431
1561
6840
6875
3871
361
5370
1155
4082
119
4039
3990
353
2997
189
6325
582
6564
3112
2531
4787
2591
5508
1795
5605
429
4342
315
6879
4965
2926
5063
124
588
4896
4391
104
4263
2456
6059
5134
4491
2776
2518
7074
1053
2061
1006
2644
5701
5833
2471
1698
1257
2203
6574
38
6242
3005
2603
3002
5171
4616
6650
6125
4273
6581
4978
13
2451
385
5591
683
3545
1662
2608
2796
2715
973
4954
3400
5022
3037
2847
5410
4099
713
2250
5444
2956
2894
7056
5714
5355
169
5268
3759
6592
2394
3035
2675
4460
635
147
1182
3831
2281
6981
6576
5692
1353
5447
3707
3909
1844
4200
506
2710
846
5436
259
1275
1111
5782
3033
1906
7005
513
2461
2592
1474
1234
2138
4421
633
2782
2850
2074
3226
6015
4915
5832
1843
2116
879
977
1327
1701
1079
2264
4567
347
5331
1973
5519
3703
1173
1630
3489
482
4023
239
4024
4300
4640
1638
1154
6976
4799
4660
2768
1339
4487
6403
430
5661
6386
831
6376
6079
69
2104
5553
3164
1220
3414
979
2813
5391
1107
5844
4771
3681
1848
4716
3997
2172
1351
3404
4727
1114
3275
5475
108
5075
4597
6826
5538
620
4098
3810
1000
3009
3209
1910
3023
7009
2274
1225
1845
4630
3246
6630
3144
3182
5457
4299
966
6885
4743
1270
4733
6714
4206
5615
4958
3130
1882
2034
3916
6854
841
2611
4607
1019
2928
5272
6288
5147
2814
225
280
3135
5978
2840
473
5118
6834
2773
6331
1851
3583
3539
6858
148
6037
1540
1043
6806
6169
1747
1191
5364
4221
6952
4440
5396
6863
4819
5867
3058
2545
526
673
4608
3588
432
6060
1761
2125
3066
5314
827
5434
3533
6317
4197
1746
2657
5357
5057
468
3477
2046
1505
6814
2770
1800
1128
2229
3147
4939
5526
6730
4255
7002
157
3283
3670
1869
4463
1064
4606
2391
6591
307
2665
2927
3805
5225
1687
1886
3667
4765
1959
2818
5124
6733
3731
2838
2269
5179
1566
6089
606
950
6628
4292
1015
3893
4298
306
123
6627
2654
5557
2160
6347
5301
4571
4070
5373
2076
4407
729
4817
6104
6890
1769
1798
1365
2598
580
1911
2159
6783
6091
745
1318
3509
5822
2088
2510
3353
5169
1615
2398
2301
5202
1254
5895
1697
943
6194
2058
4392
4354
4871
6456
471
4046
3381
5756
4122
332
4820
5997
4285
3426
1296
2825
6428
3424
2234
4609
2594
4536
3797
314
3484
4396
5408
1479
2338
1619
498
644
3782
4476
6471
4246
6297
1485
1591
5461
6356
6815
399
142
4540
2705
706
621
5924
4159
2875
3413
2690
2021
4438
3070
4737
6950
6935
1414
2774
6753
269
3881
6118
6571
6547
6363
6529
6488
1077
3995
2167
6354
4659
1033
4525
1781
4216
4295
1775
2449
2908
2156
120
4265
3530
5076
1681
4952
617
1202
3199
4529
3271
758
6777
3902
1703
4997
4831
4534
4203
3380
6300
3162
5963
7010
4262
3219
2548
4073
2443
398
270
5667
6156
3753
6076
400
484
5194
3300
5130
4821
5032
3280
4181
1165
5365
6066
2055
5198
3839
2792
1002
5156
4233
6176
2070
7042
2955
6105
3407
2899
1133
508
2489
4105
3864
4992
2800
6129
3374
5026
4047
2056
5442
4695
697
1092
6637
4464
1321
1664
5812
2356
1420
6206
1753
6215
4331
2340
6959
1031
3570
4413
7020
6663
863
5324
569
6374
4061
6601
4721
5419
6298
6818
1211
476
5697
915
3318
1177
5269
330
4135
1085
4426
1557
7043
403
6278
6546
3621
5217
2226
3576
3578
1670
6360
5351
3504
6345
1828
2067
445
2257
2855
2576
6690
6472
3492
5479
4825
4001
6920
5793
2601
217
3077
3177
5108
2609
1541
920
6602
5270
6909
2409
2663
579
2709
3544
5274
4123
5750
6873
3813
3751
4575
1782
3804
1322
829
6512
3571
1515
704
6381
5942
4248
1328
3829
2059
5342
2922
1808
4988
1956
342
6543
1680
6289
5383
4451
2317
5926
1008
2911
5999
4904
48
5699
182
6053
3685
802
4186
1759
6054
1631
4786
4465
6008
4990
354
229
4462
3623
2057
6068
2777
2843
6614
4548
3900
3444
5070
6003
3921
655
6189
6337
5525
4685
4595
823
4106
3378
172
5515
3456
3313
5185
3581
5977
6839
911
4778
2887
3094
1362
3512
2185
1159
1198
855
2151
830
5162
1925
5425
2415
5626
2505
1874
2804
3269
1745
1448
2515
842
404
2638
5590
405
2351
180
1639
5864
857
1471
5946
1482
3575
1513
5872
1955
2043
5792
2564
956
907
4404
1
6662
5159
3692
2115
4202
6649
6931
6615
454
3202
1193
462
5069
2039
2667
2841
976
1552
6146
5547
1408
3927
5534
2499
4143
2948
447
3602
4745
3645
3029
2551
1461
6790
2593
1112
4110
1109
4717
928
701
1317
4346
1589
3896
428
5757
4340
2393
2078
5133
2704
886
467
6968
2260
3710
1846
2892
313
2819
1519
5241
4371
2105
6182
2980
7017
5109
5691
3160
3174
6302
1132
5500
2706
6922
3582
1603
6603
1790
4889
935
649
5150
463
5738
3532
6497
3051
1812
573
4310
1179
4445
85
4164
6147
4492
5531
2513
1311
3971
791
1551
6408
6951
3818
42
3802
3267
4116
2672
6264
7048
2268
2651
2963
4365
6430
1943
5754
2251
562
1949
843
1732
4708
2085
499
1287
1451
4199
1901
4626
254
4037
3817
6609
3589
5631
6406
1933
6721
3200
6913
2562
941
934
5255
6006
3807
1425
5467
1468
591
3780
2696
611
6894
5038
3247
5062
6767
4332
394
3026
1285
5178
5578
4146
4777
6677
6805
3423
374
5878
4661
3690
3765
3460
6064
4435
5110
2298
6697
2589
3340
4756
6332
75
1928
2745
2492
6339
5259
4218
6090
387
2279
1533
3081
4410
369
3362
1219
1675
822
1672
4880
6448
6319
1511
4172
6304
2494
4706
5441
4848
441
6018
424
3189
3069
1456
234
1447
1621
2472
891
1051
5811
6618
4260
656
1047
1089
5794
1861
3642
297
5131
4473
963
253
5315
2766
2090
2399
5453
4205
1556
1335
1898
3041
2212
2560
6483
3328
872
3978
2144
440
4530
1415
6580
4100
3601
1110
2287
4179
3729
1739
912
2721
4696
3272
3142
767
1276
6773
2111
4675
6786
2134
5189
6187
1200
1433
1632
469
1332
6748
1074
4499
5335
522
2311
2255
2246
1818
682
4068
6473
6653
3610
3295
5655
5719
6077
2314
305
1466
3148
2688
2615
3053
2731
702
2080
3697
2310
6664
3535
2701
6265
1500
969
5078
2972
4638
2007
6390
4223
2925
3702
1359
5734
4629
3843
3809
727
5921
102
213
5136
700
2460
6949
1987
4368
4518
5611
3293
6021
864
4908
5771
4417
581
1363
6438
2769
2661
4144
474
3821
2863
531
173
1963
597
1240
2751
6210
3493
2362
7024
1203
4647
1178
1346
6086
3766
4359
5595
3593
3422
1517
433
4056
117
2140
2977
3993
2729
5869
3715
2177
6346
6948
2096
1360
3150
3359
1499
2984
3822
4964
6597
452
6960
1344
1712
882
5610
1835
2642
2164
3901
3239
1227
2254
194
848
4488
6877
196
1691
2697
2524
1369
6514
2834
6843
2430
4380
5416
3330
4290
6373
1669
3711
3205
6710
6969
6195
2383
4775
783
2198
2570
878
1152
572
6996
5493
2540
5795
5910
5785
1045
2837
3659
3017
645
671
6492
5753
6545
5801
815
1320
5236
3793
2175
5877
4252
6201
4520
2530
4651
7078
4869
3639
5378
2534
1596
4480
4654
7012
5209
1847
927
4399
4818
5320
3302
5612
7061
1887
5698
5925
5302
4971
4009
2404
5248
6241
2584
715
1826
2664
947
6423
2227
5551
3071
1817
4180
216
4348
2145
4484
1413
3207
5588
587
1984
4251
743
2388
2856
2993
865
833
1727
4874
5149
6257
3628
6718
5163
1891
3596
3781
2962
4168
518
2381
2438
6191
5482
3488
4559
5051
3240
4643
4724
5046
2157
4078
5914
2117
326
3855
5483
3111
6108
4388
6716
1575
6585
6130
6127
6626
5153
5996
1385
1547
5291
4573
4028
5043
4713
5316
2001
4398
1945
5379
6648
6819
5113
5462
1907
4757
2153
2245
5846
3614
6641
4145
1708
3925
1584
1803
5593
3307
4142
2273
1554
1199
5222
2008
6186
6333
4731
52
6052
809
3221
1855
737
3603
5803
6328
1058
4578
4119
4811
4867
2006
4779
4275
1926
507
6019
4441
2066
2405
1734
5976
3540
1452
5389
3
3790
971
1083
770
3983
4502
5904
3615
4922
3073
3945
1892
903
3849
4663
2241
2646
3393
421
4207
5042
4898
5126
2588
132
137
922
3737
272
5192
4212
4840
4823
5755
1490
3886
1809
2243
7057
4400
718
1783
5927
749
5067
6197
4627
1281
5765
1884
6536
4035
736
1050
5769
5790
5779
5906
4469
1455
376
6462
1422
2547
412
664
6698
5749
5939
817
5310
816
3664
5082
4564
3523
4258
6827
6321
1663
390
1421
5737
1459
3188
7036
2353
1507
6135
1889
4477
149
6226
5809
2934
5085
2929
2413
6595
3250
5666
2573
4910
6487
5366
7053
860
4109
4925
4589
4222
184
6673
6055
2328
40
2439
3651
1799
4242
2844
5433
2848
2184
1396
1291
3867
2220
94
6359
3665
5183
490
7047
1076
2503
4228
2445
5463
344
711
4726
5829
5679
1922
5825
3706
1135
3536
6983
2698
798
2779
5912
6190
2339
1032
260
1710
1099
2666
17
3448
6590
2985
4583
987
1062
6436
4201
980
3911
5987
1297
5376
4234
257
583
6845
2003
805
1792
600
4974
3060
1948
675
2923
3604
1534
5635
5717
6681
5080
5437
4411
1027
1186
3946
310
2958
3368
109
2946
4531
564
1017
6503
4594
1796
3455
719
2303
6009
3552
3001
5294
1293
988
425
233
110
4483
3417
5896
294
2758
3585
1299
652
4016
5931
5648
5024
4051
278
4055
6757
6907
3494
3889
4050
3453
1646
1862
5306
3121
3086
32
7096
1070
2975
318
5853
3437
6604
945
5326
4687
6507
349
3341
3146
2297
4923
364
4935
5536
2853
1256
6666
3212
3195
4256
6755
3190
5173
5327
3658
3735
458
6707
3059
3657
5804
1784
2600
4693
3598
5094
5805
6775
3011
2821
228
1294
1629
3042
4942
3361
3123
901
4345
1378
56
5847
5644
2931
5658
2648
2213
2378
3281
4833
511
3391
4855
4584
1582
4219
3699
6073
6185
5891
6562
3693
1806
640
5112
21
6007
5086
3713
6271
2266
603
1400
543
5702
4761
834
1934
4415
4900
6750
455
4875
3749
3329
5031
3563
2283
1896
3717
2607
6519
70
6269
4494
5586
3590
5367
7092
2335
246
689
6520
2309
2582
534
232
6281
4403
4722
158
6431
159
4226
5897
5975
338
3096
2519
5210
6680
2169
5577
427
2788
5287
1185
6455
520
6636
514
237
628
155
2578
6380
4918
1096
6572
36
5261
1888
6335
6244
5555
4029
585
5842
2580
2195
3516
2571
6499
4064
5669
2354
129
1057
4562
413
4471
778
4673
1842
6921
639
5426
53
3367
1067
1267
4689
4937
4947
3008
3499
4576
4161
1312
6979
1153
6540
4752
1685
1877
4157
6413
1473
1878
5883
3082
4762
754
5174
3043
6516
3217
4085
3264
5006
187
3648
1487
7085
2012
1463
6351
7095
2921
4884
6132
4538
1315
6498
1951
593
207
6171
4552
2110
5695
4349
5399
2199
324
1207
3798
6163
34
1204
6184
6675
6867
4945
6654
6084
3339
1613
6741
1957
3095
6929
2049
5452
2252
3274
1650
4667
5824
281
2464
2308
5521
4846
4806
3962
893
1837
2437
4711
6723
6227
594
612
6712
1678
5787
168
3668
1477
993
942
3527
3118
5625
794
5678
7013
6344
1990
3828
918
230
3186
5524
2349
4481
3409
2527
3000
4797
1001
6883
2891
188
5353
4327
5440
1853
3101
6433
5836
4649
1263
8
4433
1187
4152
5000
1244
80
3888
5739
6401
502
1310
2536
2031
6494
2969
1572
4736
2357
2474
5264
3825
4704
3338
3184
4981
2907
1020
5305
3883
247
6279
1460
2587
3677
913
2421
7064
1304
2549
4639
5319
1626
6287
6023
1684
2178
5505
1617
1903
1524
215
4247
735
7039
1145
3854
6638
6788
391
6158
1401
1236
2463
3100
6382
6853
5056
4921
4864
2420
3579
6238
6934
2302
1695
1381
181
3469
1044
6563
2062
772
5736
3052
5105
4632
6719
6035
1539
3385
6415
4272
488
5040
496
3158
565
211
4093
1994
3233
4075
3308
416
2288
6355
6812
2784
2329
4850
4686
6973
525
1189
5674
3084
4933
1777
3786
5718
2945
68
2803
4486
1932
4308
5529
4596
5633
5348
450
4514
199
4628
3322
3953
3038
3292
1912
1849
6841
3454
5791
1105
5490
3903
1454
2553
4121
2089
1068
5095
504
6774
3027
2810
2762
667
2073
5184
3449
3952
1918
3294
1921
3917
3351
3816
1852
4669
143
6474
5049
622
1140
3833
4280
4211
3936
4296
3820
163
1666
6787
5783
5627
4631
2746
3288
4108
666
3303
5223
4470
2380
2967
6180
5673
4337
3462
5711
4950
3586
519
5393
1825
6255
4405
2991
1333
4619
3653
958
6029
6912
6252
890
4789
3402
7059
2326
308
6657
3560
6056
5662
6513
3193
1394
5066
6212
3010
1668
962
3678
2477
4162
1091
395
4517
5682
5221
1399
2330
2944
932
2010
4319
5231
3098
3470
3497
3819
3976
3445
2854
2535
1356
6016
5384
236
396
845
6569
5455
1404
3758
5911
2
6313
3263
3092
5338
2786
3145
1216
560
6792
3091
190
6285
1546
5190
1210
6211
5708
6796
2888
146
5636
5954
4851
2100
5164
1995
6162
5687
3771
1406
4178
316
4513
6902
4497
4334
2221
5347
5409
2014
2572
2447
4603
1789
881
2426
1176
567
3656
1352
3457
4677
5138
2024
726
2382
2509
2761
6985
2453
602
2873
1905
4714
6704
6801
998
821
1996
3671
5339
3836
5048
3913
898
