4090
2505
3246
2429
1553
2994
3397
4566
3970
1207
1963
1949
3732
1541
518
657
1168
3097
1836
4182
2360
374
2495
2149
4590
2135
3991
3469
2128
4519
3908
3861
301
4713
1049
2740
894
3306
2303
4258
2885
2646
3637
108
4802
10
3130
2891
3324
3561
3372
31
131
512
3426
1011
294
2723
4305
4490
4667
493
827
1377
1942
91
4215
142
3766
1031
4216
1109
3362
4358
25
483
2063
1536
1625
3452
2445
1152
2162
770
1750
3357
2391
163
2198
530
4868
1362
669
4300
4458
20
3955
2644
2683
4992
4790
134
2364
3255
551
927
4523
3579
2399
1578
2614
4580
1939
4994
2922
3446
721
1661
2810
3565
3265
4551
1706
2846
3131
1767
765
695
4979
738
3858
391
1557
2593
1439
154
2767
2235
1944
1112
2818
4440
1647
327
1738
1731
1468
2924
1174
3120
1075
3005
1278
4740
357
3869
2466
1044
2264
2318
3152
2195
3454
3882
4370
1305
4627
1938
3137
2478
3934
1525
3599
1020
1292
4773
1045
974
5016
66
4833
944
914
1059
1850
748
875
2675
3735
579
1902
3004
222
4518
728
1606
4124
1017
1264
2734
3930
1166
1584
757
1573
2802
3821
526
1201
4517
2482
4529
426
4651
4006
1395
218
3794
4071
3488
964
4527
2510
3824
1528
2797
59
1234
4414
445
2701
1027
2750
4183
1405
3810
4073
4111
1830
3359
3698
2413
1560
272
149
3486
4348
2689
3227
2473
2677
4555
612
1649
3845
159
957
1876
1375
3976
2658
3068
1992
819
2029
617
3444
1926
2805
832
4249
634
801
2636
329
62
2626
3300
175
4715
802
3405
3245
845
1932
1293
2281
3311
1469
519
4462
3310
2921
3413
3867
3134
2635
97
5036
3654
3232
2609
3840
4815
4955
1411
2114
2852
4217
3546
167
3648
1497
2039
4595
2650
452
2822
3748
5019
3984
232
3729
2566
4668
4419
2337
43
3580
2643
4189
1097
3659
271
3992
735
4596
1039
3403
126
3378
2578
1616
4652
1823
1190
433
2384
419
2361
4616
1619
1126
1253
3696
4015
2550
2779
1843
1131
2793
1330
4176
1849
4714
2744
302
3737
1741
1837
3574
694
4907
2765
4466
1390
2217
2150
132
760
2523
337
4843
2378
4676
4968
1602
1002
3603
3676
3015
2964
393
4539
1338
4752
521
5020
1746
257
2608
2408
2804
2840
1548
5002
3931
3459
1864
100
2862
3153
2456
4543
2035
3388
900
4818
2272
3101
2952
2670
3612
3812
3222
3273
3061
3939
902
3297
2206
4658
1387
2428
107
1709
2416
3088
3170
1434
4692
2306
1808
1198
4107
22
4150
1692
3854
4959
2898
1970
1844
1226
199
241
995
3848
4405
878
4376
781
1543
3355
918
3127
1001
3250
2058
2333
1643
3279
3640
2697
4236
2620
4785
2652
1127
2782
1000
2651
2355
504
2451
4089
4682
3056
3509
2998
288
1404
578
1055
3975
2109
35
2403
4004
4
4540
1171
2294
434
4047
1068
1120
4452
1356
554
1460
1967
497
145
2328
3853
3755
2982
897
3831
4257
4473
4193
1140
2820
1215
2269
2649
766
2359
1887
8
4840
1297
5029
1081
953
1701
1880
166
3669
121
4751
47
72
4872
3437
1684
1603
3416
4079
570
2028
2641
1933
4385
2655
3779
2345
1509
2680
2975
1314
465
2085
718
2954
2715
3835
207
98
1515
3282
21
660
3557
1200
3466
4707
1962
2785
2667
2191
1662
1407
1968
4409
1145
4119
4703
3256
1150
3258
1101
4927
1754
2228
2134
3125
2571
473
4457
4408
632
3197
63
1953
4554
300
2418
907
2717
1604
213
575
806
708
3799
948
1883
1537
844
2118
4162
338
3480
4040
2794
703
41
1890
1948
1853
3298
1617
5026
4623
3199
2275
3564
177
1683
3063
3891
4237
2377
879
276
494
3464
1252
4326
4443
4382
96
1498
1189
3662
2800
996
3678
2856
4387
1320
2739
638
2286
3339
4446
57
2923
3386
4024
4688
1425
5035
1724
3268
171
594
3291
3175
1156
2583
3736
2588
625
2068
2305
3994
2999
1923
335
1539
3411
3009
1437
3429
4877
3363
919
2358
212
1624
701
604
4096
906
546
3441
2094
4074
4267
3575
1945
4025
850
384
5017
3231
314
1784
4008
4129
3007
2421
1820
1484
3373
1954
3349
1929
2031
3435
1582
39
2561
1841
4127
2965
1579
405
1809
2843
3715
68
264
3783
3749
4991
4978
816
4252
4743
1365
3132
3581
998
3242
1511
3626
250
1608
4686
4109
3596
5000
4581
2158
3414
4941
3849
691
4084
4430
4255
1065
3860
2460
1833
3896
2536
849
3028
1147
1381
1554
1260
2472
324
124
1595
1492
4890
3104
3863
133
4290
2043
4568
5023
1672
507
1324
4778
4928
3551
4332
2613
3040
4393
2095
958
238
2427
3229
3136
474
3410
4565
4181
2052
4154
15
3073
1952
3623
3186
2105
1937
1309
4403
3743
4605
1888
2849
2432
4128
3029
5
4895
2971
1623
346
162
153
1465
4768
4246
1919
598
4974
424
328
1542
1038
3913
2654
3567
679
2830
1343
2576
2200
4726
4469
1777
4888
3528
1070
2516
4677
206
2993
1346
1984
4938
1016
3108
1296
83
2424
1227
189
3889
2870
30
4902
586
1620
935
2970
3100
2011
4053
4211
2381
3570
4729
745
1646
1358
2534
4241
1467
2151
2339
1860
4377
2732
2515
4093
4814
4365
2936
4095
102
807
3594
3855
3202
1725
1409
3091
1308
4587
5025
4760
3183
1821
375
2766
992
3828
1813
3369
4730
815
221
4695
1265
2890
3261
3635
2218
4830
4578
3080
410
2248
3725
1450
1645
230
3340
2371
558
2115
4884
190
2045
3529
3998
527
3537
1422
3898
3703
3235
1429
3789
3177
3376
1586
2370
2972
4039
1917
3868
2119
3904
4787
3182
904
3997
7
2617
2542
4939
3768
455
2402
2718
535
1674
1589
2242
3587
994
2040
602
224
3107
291
3443
491
3886
1414
825
205
4323
266
4106
1703
4837
3651
818
2130
1119
136
4948
4186
4822
4599
157
1847
1416
4364
2713
3187
3816
3657
2488
3462
50
1524
4757
990
774
4562
2433
1947
2612
5009
753
3918
460
2481
800
4396
2201
369
4693
1352
4916
2900
1116
1277
1406
3925
3897
2302
2997
4571
3409
2844
3798
1216
531
4956
3701
3144
360
2866
4277
185
740
3713
1256
3220
2525
4850
1473
1570
4336
520
4924
2409
2178
3873
2251
584
2770
500
812
874
633
2930
3493
1699
128
734
4184
2394
2693
3434
1389
1989
851
543
2362
2686
4542
1440
2111
4126
2309
94
3655
4664
3191
3098
3585
2771
3305
2245
4865
1640
1644
2901
1018
3176
533
4386
2104
2139
2871
4574
1104
1142
363
3490
2230
4576
4380
4100
3881
3915
4736
4655
4898
846
371
4307
1285
3516
4352
413
9
274
4626
4028
3276
2848
4614
4449
4064
3018
938
1379
4687
262
4885
508
2216
4915
1197
2021
4269
3734
3368
3050
2801
2297
1577
1657
4583
4341
2462
1229
3830
1063
1259
1263
3968
2708
2509
4691
2375
4190
2813
2851
3600
3738
3082
1733
4552
776
3335
3093
2086
640
1089
2530
1010
3751
4319
1534
1224
3677
2001
2682
3836
3140
1609
989
448
4148
1778
4536
758
824
2966
2392
2369
942
4657
4295
986
2929
2603
1789
3213
234
3328
1287
3070
3067
4337
1092
4164
2865
1047
2227
1233
1013
3237
3161
719
1085
1605
4733
1886
4302
963
2236
4838
2996
4918
4483
973
3294
2532
231
529
3899
3878
1115
4116
4824
4092
1453
795
1710
970
4118
2132
1526
244
476
3539
1430
4886
2681
1399
3577
1128
317
4996
2886
4637
4279
1685
1842
2372
341
3558
3960
1618
2177
2725
3827
884
1870
3874
3699
1588
4481
3652
3314
4049
2887
2854
2748
941
910
2661
1482
2836
1633
4666
2839
1325
5033
1351
2585
5041
392
247
2123
2869
219
4192
4399
285
2350
3196
2691
4339
3941
3636
3862
2902
1004
4989
1502
3139
470
1552
787
4933
619
4944
4123
3974
3982
1899
4010
2131
4534
2365
4511
1598
4104
4311
1650
3864
1315
4197
4146
663
320
4404
1261
2660
1445
2552
2255
2185
1826
402
3396
151
1136
340
1069
2648
3980
4926
4486
1420
1507
3165
784
2539
2030
1832
724
2107
3286
3717
1854
67
1574
3658
2985
2376
1881
3933
4810
928
1462
4739
4287
4997
3843
3289
2048
4152
4501
450
2706
5038
4218
635
4756
2308
1651
600
2174
2537
4766
2600
4679
4043
2208
3121
4662
4825
3964
2872
3431
3569
2458
4372
4433
4675
3062
793
3802
1976
3248
3967
237
1084
2489
56
2535
2347
2273
1272
3949
1208
2859
2788
4088
665
4525
592
3910
4208
4133
3421
881
789
1481
2558
3484
2829
4012
2761
811
599
3249
19
1210
1569
2463
4779
2091
4273
700
2181
1368
2962
3290
1856
1894
2610
23
1181
750
2136
2837
577
372
3922
524
3839
4954
762
4588
4689
769
1241
2925
712
3505
2300
2630
2980
4537
4813
1831
4499
3914
3043
3483
4349
1941
4522
860
3856
4738
4794
235
2042
4261
2959
1095
283
4831
1982
3530
1681
4769
1214
4437
4633
4509
249
859
3832
4297
744
4849
2747
184
1456
4712
2939
4683
2211
3548
2291
246
759
3631
3440
45
3021
364
4792
2518
3707
2321
1369
4066
477
1819
4016
2249
4301
1266
4767
3089
2772
38
4638
618
1371
4324
1164
3337
690
4271
3331
3138
785
4935
3470
3439
3234
1232
2586
1449
4068
2796
1323
33
3126
4156
2524
696
1522
1680
3727
3075
2383
3545
1601
997
4798
4674
532
4870
2995
1245
4240
3211
475
4048
1739
1225
3374
866
1884
4899
3039
791
2340
1688
3352
4424
198
4455
1235
4285
2699
4171
978
2653
1928
2943
3096
3404
4282
945
2790
3872
3128
4725
1610
3315
4159
2875
2499
565
610
822
4230
567
3693
1483
4852
3329
1300
161
325
4476
4478
428
4253
226
956
3312
2231
3730
2565
498
2075
4541
2166
344
3160
4908
4356
3225
2319
836
805
1042
637
2013
4422
1030
4321
3450
1014
4615
1665
934
2888
3682
2742
1763
1319
2006
4505
1348
697
609
2430
191
926
4848
1745
2879
3664
3345
2791
2213
1470
3038
2659
739
4742
2944
4771
104
4207
1558
1927
1707
1538
480
3099
3024
421
3201
889
2913
4170
295
2055
2485
1865
1518
2926
1988
522
2062
2101
2759
833
2615
2437
4750
4007
3275
601
704
412
4684
2618
14
3554
1742
2731
4573
2250
1398
3045
3318
4435
1676
2786
3502
1994
773
961
1695
2446
3011
2295
3615
4629
2498
3630
933
4078
817
4906
3971
2343
1510
4879
4836
358
2018
2487
3148
3517
4883
1727
1479
2215
3885
2501
3252
69
4157
1023
2334
1591
4774
1769
3985
1464
2949
3408
2330
2816
3841
356
3892
3847
4227
1392
1567
368
2625
382
400
3171
1485
3353
1312
1851
4050
3639
4504
870
4672
4347
2349
3274
4136
4412
4640
27
4942
2220
972
1321
1344
1415
1977
4052
3212
4334
2778
1987
323
1290
3906
4864
4226
2665
373
4950
1999
4665
2164
3507
1551
2953
2555
2153
4057
1355
4102
1764
3525
443
3044
3017
2373
111
4789
3943
2019
4425
3526
4866
1663
4447
277
1187
3780
3156
2338
1629
1476
440
3552
4335
1394
1654
416
303
1137
2374
4945
1673
2087
409
4464
2259
3034
2619
1632
1133
1561
1630
2607
4180
1770
4477
3723
4442
1794
3661
2774
4225
3206
4366
3741
2299
3333
4648
1160
1123
2010
3638
4546
180
828
1347
3726
2602
3271
383
3496
2034
79
1634
1716
1391
227
4223
1800
2544
4747
2937
639
3002
3074
5021
608
544
1238
4101
3135
1310
3791
1463
2591
3389
1736
490
3401
3287
1396
330
3402
1804
2126
782
2775
2289
3566
2051
3646
1592
3547
2828
2265
2546
3503
3299
1488
5006
1563
1504
2144
1349
4011
2841
339
280
1965
141
3605
2240
4134
423
3928
3895
2367
347
4889
1250
4479
649
3808
3269
2020
3556
2560
2175
1093
105
4363
629
726
1295
4709
2041
921
1660
115
580
4132
2156
1441
1028
51
977
3920
2099
1366
3817
2896
3321
1559
4423
1177
2580
1
5018
2348
1172
1972
4204
834
4981
2780
4431
1195
4085
761
4384
960
1107
3890
4811
2266
556
2474
1756
1713
1585
3118
3819
564
311
2758
790
4037
4559
3983
4353
3325
1163
4724
3691
582
478
77
3671
4860
4737
4984
2074
4294
3453
5012
1326
3207
2448
2882
4853
4308
3381
3938
2476
1102
101
4532
4098
4734
1702
129
1486
4846
1607
659
2700
1852
1372
2161
4178
2323
5042
3497
1845
2858
3116
3270
501
36
3420
3361
2398
3586
169
2194
2397
2420
425
1134
3773
2506
1079
2671
2568
435
3387
370
3822
730
4199
4791
3759
3797
2666
1184
4717
3241
4099
1689
2108
2483
2256
3935
3460
2710
2439
4644
3793
2908
631
661
542
2781
3481
4800
1615
1906
3721
2225
1637
2892
113
1911
32
2538
3341
1380
293
4701
2279
3228
4625
4656
2736
4556
3850
4622
885
4564
4660
4973
2573
351
2145
1211
1565
1691
2868
2657
2277
1648
3267
1080
176
5031
5010
4195
2548
1575
4770
2025
2541
2827
1545
73
284
3010
2990
3253
717
2540
4855
4618
841
1920
1635
3542
396
2688
3520
4839
1237
1103
675
2310
1776
42
4964
3472
3787
4413
4196
431
305
4685
3048
510
560
2958
2003
3301
365
2622
2015
605
2932
1363
587
3119
1867
3475
233
877
1611
905
4584
920
4995
2046
3803
731
3313
2572
2639
1985
3959
4467
4275
1805
4086
931
908
4875
3986
1083
1981
1896
4029
4460
1516
2919
236
4250
4003
2629
4764
2081
2863
2514
1007
2076
1613
1196
4082
4669
2553
109
2642
2899
4155
1357
119
265
4901
557
2986
286
1815
502
1980
1790
3141
3673
1098
1872
4228
4671
3760
1600
2197
387
4609
4972
892
4969
3754
1639
3219
3653
2199
1505
673
2022
1303
2704
354
4508
1006
3026
1298
2440
3320
4329
2567
3308
4254
2792
2719
1064
2137
2204
966
53
3595
1811
1773
814
125
248
1367
771
4058
95
482
4589
4147
4579
3692
4187
1893
453
2490
1132
1061
1720
3285
3978
2168
3390
3316
1848
1714
481
3679
1535
3805
1056
4280
3686
912
4076
3820
1318
4383
3181
4438
2948
1822
2853
1766
670
3032
4371
2533
647
3155
3602
903
2229
4027
4986
3037
2419
1003
3758
411
2557
3553
202
1432
2587
1846
893
4795
3016
3629
2441
589
4510
1501
3533
1697
2436
1110
2061
4174
4065
2961
4411
4158
3501
2733
2304
362
2226
3209
3254
2292
1311
3236
4281
3965
4617
376
1743
1792
3491
4704
1555
3977
4470
2169
1421
155
74
2789
243
3778
