2812
1529
1259
3318
3150
193
1102
1632
1179
1921
2729
1552
1779
2622
735
80
923
623
2786
2525
1910
1010
3169
54
1542
1842
868
1894
1931
2233
730
1405
287
354
3053
2899
1543
1031
1213
2534
2798
11
2068
377
2063
2119
2062
2924
237
2807
2078
2055
1654
1850
771
183
409
391
2086
2038
2043
549
1121
3006
3080
212
2079
793
2155
3240
2284
1497
589
1997
1028
1235
1906
121
1595
503
1975
600
2259
2260
470
2597
786
2771
2384
2166
45
1162
1248
2913
1206
1252
3389
654
1518
3112
2103
2091
1636
1932
1955
443
1363
387
1512
2651
3467
2286
2120
3347
1144
2012
2921
1087
1211
2671
613
2002
2515
1612
207
1064
2115
2207
1000
1069
2307
3011
2288
65
2303
1817
305
2224
727
156
2011
3358
2906
2194
2165
647
1101
1128
473
828
1775
2218
2490
1751
416
1068
132
427
2398
918
3071
145
2690
1107
2742
2823
1999
1388
1297
2190
1222
737
3417
1404
1151
2940
2137
1947
2198
444
3178
645
1345
199
2450
147
525
2195
3220
2518
2433
925
887
1586
1389
944
960
208
806
1207
1895
1706
332
99
1168
713
1806
1614
2257
1981
300
2077
1386
744
3155
1985
3124
950
1257
449
181
2061
2172
543
3485
3295
331
722
1385
306
1604
1741
856
652
3495
1857
3267
2202
2914
2344
1720
2842
384
1401
3180
3097
2302
1045
1995
2930
1443
246
2908
2711
2621
554
204
3456
777
1562
478
1244
1006
3338
2833
94
1260
1016
2397
3491
1945
1808
3265
3243
118
2287
2382
17
2242
3483
1367
1449
2521
2774
701
2532
2780
530
2152
1813
1159
1535
333
3140
158
1577
2341
2356
787
1553
3490
2428
971
386
296
2682
783
438
958
3350
2211
13
3088
2390
100
1829
1324
2607
1086
3126
1323
2772
2250
2951
3241
976
1733
3096
1042
2498
1823
804
3224
2929
2337
743
1815
2353
2793
108
1519
3064
3427
1579
1361
209
3383
2931
1463
3475
1505
1812
1737
459
2182
1917
1486
2175
1466
1240
101
2620
1157
957
271
52
2578
2967
2267
1013
1658
1208
812
2777
220
3156
2638
468
871
1891
2648
717
1423
410
81
3430
3469
748
2826
567
485
983
1705
855
2239
2998
71
1568
1957
2710
1184
561
2650
371
2925
2130
3057
2876
1047
2395
2021
2089
1625
425
1537
869
1871
3193
2248
1685
230
3210
2276
660
2066
2586
2604
2294
604
1626
2140
1017
3209
3149
1005
3494
3031
728
820
2935
526
2366
236
2304
586
746
3404
360
1381
670
3198
593
817
1818
44
799
363
477
2763
464
2583
1805
42
664
1352
2046
415
98
35
1413
676
634
2613
729
2327
1793
479
2569
3208
3376
3408
2785
3289
987
564
46
1155
1582
1407
1469
178
1237
3168
1024
2486
1623
1687
984
876
1558
1896
2750
1243
689
2714
699
3431
776
2529
893
1523
1441
2215
1472
1951
195
2243
518
3062
2652
719
2416
3099
1052
2044
232
395
811
2408
1826
3188
3029
83
3432
10
3429
1879
3136
2754
834
2206
969
3385
574
2524
2010
2485
2196
1431
3185
2017
749
2345
1960
2881
1285
2608
3304
3200
4
279
162
1083
317
536
1289
2059
133
2869
348
439
1889
1440
2290
1677
283
596
733
2432
23
2022
1672
2719
3132
2516
2634
3274
1292
262
160
456
1713
1429
756
555
2439
1860
1761
1343
742
2782
259
2976
1849
3103
1649
1287
2296
1660
1721
2277
1254
138
630
1681
641
607
2109
191
1424
1298
2575
680
2954
1754
2788
137
1565
3090
3238
801
1792
3175
2388
1655
2502
1868
784
2857
523
1641
658
672
2584
1897
2974
2209
376
359
1905
3257
3139
1364
2987
1096
2085
1417
3448
3004
1198
732
282
3401
2933
1697
2805
858
3227
2147
809
2464
2278
1079
3154
3163
2663
281
3223
170
3440
2157
2404
3270
813
2496
2993
3228
3396
3466
648
2469
2953
1174
2292
2249
1435
1239
2106
792
1130
946
942
611
2312
2492
504
1722
2749
1369
72
1072
2393
874
364
2658
188
314
53
711
707
186
2689
3233
3353
1464
1051
2364
2554
1327
2546
1972
460
2611
1650
2346
2419
2741
2801
2603
1873
418
1740
2461
626
3152
2374
1070
2385
902
1676
1953
808
534
843
724
780
50
2752
1573
253
1571
2052
1112
2878
1980
3286
1785
714
2854
2232
2509
3471
2123
353
2720
2170
1777
1091
124
1342
796
3040
2615
2301
2004
2713
1690
3110
1729
1241
696
2824
1747
428
1451
1270
686
1898
1201
2673
189
1085
1699
472
328
2540
3165
2952
2335
990
2995
2639
2081
2746
636
1667
2791
679
1422
2415
2158
755
1835
1336
2
2380
1744
577
2775
910
2458
2076
3109
3478
2238
2837
1567
3406
75
2627
1666
1648
2443
588
3418
2477
2214
70
2757
1335
2875
1678
2219
2154
1347
528
165
3186
2121
1374
540
3106
3231
110
491
1224
889
22
1575
2665
2900
738
2558
1615
367
2392
1630
1848
2092
3128
407
38
1926
1928
2669
2514
3059
430
656
1460
1618
1161
569
60
1872
2624
1313
782
447
3438
1311
2494
1268
3414
1674
2298
1190
3253
2949
421
1916
2424
2075
3148
369
2548
244
1319
2225
3413
3045
3441
55
956
765
3123
897
1727
3346
2378
3028
642
1187
3328
1212
1300
58
1044
781
2025
2920
500
218
1576
1764
431
2151
2087
33
1717
1902
1421
351
3436
1884
455
590
1330
34
2027
1495
1624
1095
206
682
420
1146
3330
482
2389
1967
2350
2053
2767
3001
2110
704
492
20
3269
881
516
1193
2226
1958
1540
1126
3306
2535
953
1008
1428
2020
1991
2342
1312
3410
3217
2487
807
1768
190
930
326
1686
73
229
114
1516
1272
2527
1617
674
1589
1503
610
329
1816
558
919
392
2429
2009
2321
3437
1377
388
1406
2149
3452
41
3131
184
238
2468
2216
1504
619
826
659
2965
2153
3232
368
344
2454
2005
1098
2973
2244
2685
1673
878
3054
2019
2285
3207
2885
1221
115
1979
2396
2505
2041
483
3016
3135
2363
2838
3313
2456
2722
1412
1189
2334
852
2071
2463
1994
2311
2879
3117
2411
2484
3022
1521
343
19
875
1032
2863
1525
3294
2707
135
673
187
945
2595
1893
1738
1419
1946
2904
3363
912
1620
1153
2511
28
584
3018
943
3343
2861
2730
1938
155
1415
2717
2065
1944
823
1225
2315
2451
1170
2138
2818
3157
3303
289
581
1634
434
1171
90
899
1501
2316
1508
1328
1306
261
3315
2519
3433
1113
1702
214
215
2898
539
159
3273
2871
2918
2236
650
2675
1026
2475
2339
989
2633
2108
2756
1465
2732
372
594
301
385
2564
2884
1605
851
2084
1418
346
693
3276
885
330
507
3268
750
1337
1061
907
2181
180
2354
2213
2377
2997
929
2632
2896
2570
117
273
1731
1446
2572
2660
2764
2187
104
1195
3391
860
1402
2430
1810
3221
2659
995
1883
1204
1824
3100
2056
775
1150
3312
768
1088
2314
3299
2958
1517
2716
2703
2258
1034
2263
3327
3244
2942
1277
2821
2667
2156
2125
157
2649
2466
1836
453
2709
1533
532
76
2800
285
2568
1383
1317
710
1471
3395
1689
2684
1524
219
2894
496
177
2047
608
2619
291
2128
3442
935
1015
2265
210
2495
3083
1280
1548
446
2453
1331
2738
440
2829
582
1700
462
1439
3390
1104
2960
3051
1392
334
2766
1801
616
1863
2792
3077
3147
1062
280
1862
2755
264
2191
1786
570
1001
685
2901
2559
1355
1307
1299
3311
3435
3403
2188
243
2686
2867
370
3465
997
2405
1776
1870
520
1832
842
508
2230
3374
2810
2845
1437
1934
396
1691
514
39
3283
2099
1739
3213
2614
252
2642
400
36
1780
638
2539
2723
2839
1651
1020
2493
880
1629
905
1269
3359
3206
233
1242
3043
3387
870
2880
1998
265
1475
2803
1930
2758
2030
2426
103
1599
3356
2928
1671
3166
1461
2192
723
2910
3230
3371
2240
2459
1255
757
1376
1282
2013
1444
2751
844
270
1279
143
154
661
3411
1349
2562
1432
74
471
927
1534
977
758
3285
3033
1855
1716
2587
435
1009
1296
1180
3089
1194
2401
2136
1141
1041
1218
2731
753
2504
579
857
217
1907
1526
1487
2990
1116
1996
1489
2074
1773
1050
174
1271
1622
3416
835
2588
403
3108
2909
92
3226
2425
2971
3322
3142
2306
2080
3194
974
3488
1167
2122
2740
2846
167
476
337
629
1539
3081
318
578
69
3349
955
1514
3264
706
21
700
355
254
954
2903
845
3341
302
1886
2902
2996
3094
284
2096
1845
1976
1904
1656
2032
2271
2455
2105
2698
669
1663
419
2275
1496
1035
553
1290
839
2471
1559
890
134
1338
1563
266
1973
643
2806
2628
129
201
1682
1742
336
3446
1943
2332
2183
830
884
1890
2142
288
1715
3115
991
374
1698
1965
2413
1608
1510
1892
1054
2809
3357
2715
1283
1077
2565
1679
1915
1755
1637
3236
2994
1732
1549
3290
1004
1165
1724
43
3307
747
1094
949
3201
849
2655
2701
3021
1433
1278
1711
666
3118
1653
389
2832
3086
3352
772
2409
490
770
891
1357
684
3095
829
1263
2814
2656
2273
249
1638
1822
1399
1329
1564
2697
2781
3176
171
2891
163
1918
1138
1580
3202
3122
1039
2936
3297
2961
789
1027
1846
1200
785
1321
2163
2948
2816
1373
1149
3134
2371
1949
2266
290
442
2049
597
1339
2571
1430
2522
1188
3144
3061
2937
2114
2618
1216
1133
3439
2662
3074
168
3009
1802
622
1065
3332
1977
2691
1621
2760
2234
3075
2986
286
2007
2566
358
1019
583
205
448
2245
251
2890
797
381
3197
2834
2843
3162
2448
677
803
1723
1509
3419
3027
499
3084
3093
2831
1261
2922
84
2373
2422
1633
1033
24
2251
494
1797
1748
3301
1858
662
3190
1012
3038
1322
2991
873
2813
720
2400
766
703
2176
1192
2305
2545
1043
1067
1199
393
1409
2319
461
708
1840
3402
